1372551105
602
814
192
862654984
823890950
6830
4
29
1325103287
883283695
938694569
627342125
191147996
73225217
717
90
1277696706
2
857019290
80
9
1398355466
607938583
1880626597
592571528
644775252
1667372994
28
556272340
1499761
982753422
2844
1671689887
3070475670
1865311275
8140772
870
972480033
1004764716
8416565
80091
282383862
1616779289
1503337274
863660244
1006170768
3686
8115869
3785
10495935373
2503295601
11479565380
1940235119
9737716728
2459422856
15360003165
9100903206
9741396086
5106972237
14341191024
10619755301
18011135383
4209364828
6225437669
9887219186
3160528363
13331801582
2549662985
6327163184
6717994273
2858218807
3651138970
1061310608
5417766245
3914493380
3908210661
3530512413
10926418775
50813941
15599993321
9465425324
4417455658
6798540727
5365137580
1183737199
13124354506
5657822474
9642708124
15177675850
4497392545
1168315370
8035224995
14101961761
3536611465
5841172043
3774242664
10439367899
13134814195
5300050392
